,prop_id,legal_acreage,living_area,imprv_det_quality_cd,tax_area_description,abs_subdv_cd,sl_price,effective_year_built,imprv_type_cd,base_area,actual_year_built,prop_val_yr,sup_num,CENTROID_X,CENTROID_y,geo_id,sum_us_area,total_porch_area,total_garage_area,effective_age,actual_age,has_canal,has_lake,number_of_baths,MISC_Val,hood_cd,sl_county_ratio_cd
0,17085,5.36,1638,4,SUWANNEE,204000,358800,2018,100,1238.0,1989,2023,0,-82.51399168,29.71718487,04099-005-012,0,634.0,0,4,33,0,0,2.0,5073,154209.41,2
1,18109,0.21,1224,3,SUWANNEE,43700,285300,2003,100,1224.0,1985,2023,0,-82.45812302,29.68619077,04210-001-053,0,42.0,488,19,37,0,0,2.0,3110,154225.01,1
2,18215,0.36,1428,3,SUWANNEE,43000,305800,1985,100,1428.0,1985,2023,0,-82.45718513,29.68434477,04211-010-035,0,186.0,448,37,37,0,0,2.0,2664,154225.01,1
3,18378,0.19,1809,4,SUWANNEE,212702,351700,2005,100,1809.0,1997,2023,0,-82.46190846,29.68470122,04211-322-076,0,104.0,440,17,25,0,0,2.0,1796,134225.02,1
4,18478,0.3,1542,4,SUWANNEE,235400,317400,2004,100,1542.0,2004,2023,0,-82.46004303,29.68194424,04211-400-180,0,138.0,462,18,18,0,0,2.0,3901,134225.02,1
5,18679,1.0,3342,5,SUWANNEE,240001,800800,2005,100,2933.5,2005,2023,0,-82.49141801,29.67630354,04222-200-080,408,769.5,744,17,17,0,0,3.5,12276,134227.01,1
6,18749,0.26,2009,3,SUWANNEE,242200,421700,2011,100,2009.0,2011,2023,0,-82.4979491,29.67949589,04223-010-007,0,404.0,506,11,11,0,0,3.0,1061,154200.01,1
7,18855,0.17,1590,3,SUWANNEE,239800,368600,2005,100,1590.0,2005,2023,0,-82.49830257,29.67570995,04227-010-063,0,259.0,455,17,17,0,0,2.0,1615,134227.02,1
8,18857,0.22,1828,3,SUWANNEE,239800,341700,2006,100,1827.5,2006,2023,0,-82.49855301,29.67603342,04227-010-065,0,233.5,436,16,16,0,0,2.0,935,134227.02,1
9,18870,0.17,1521,3,SUWANNEE,239800,389300,2005,100,1521.0,2005,2023,0,-82.49927731,29.67419616,04227-010-078,0,292.0,420,17,17,0,0,2.0,1519,134227.02,1
10,18904,0.16,1565,3,SUWANNEE,239801,303800,2007,100,1565.0,2007,2023,0,-82.49917042,29.67681658,04227-020-111,0,262.0,420,15,15,0,0,2.0,763,134227.02,1
11,14995,1.1,2029,3,ALACHUA,39401,203800,1977,100,1375.0,1962,2023,0,-82.50299623,29.78968528,03864-012-000,0,654.0,0,45,60,0,0,2.0,7797,233215.11,1
12,15443,2.76,2362,3,ALACHUA,146200,513600,2008,100,2362.0,2003,2023,0,-82.503529,29.77374146,03925-010-012,0,560.0,522,14,19,0,0,2.0,3345,233222.13,1
13,15768,4.87,2121,3,ALACHUA,2000,500500,1985,100,2121.0,1981,2023,0,-82.47967217,29.75714604,03968-014-000,0,15.0,723,37,41,0,0,2.0,6432,233225.11,1
14,16000,0.51,984,3,ALACHUA,154700,214600,2005,100,984.0,1995,2023,0,-82.51269649,29.76456418,03980-003-037,0,120.0,312,17,27,0,0,1.0,814,233228.01,1
15,16167,0.1,1496,3,ALACHUA,246000,264400,2007,100,1495.5,2007,2023,0,-82.51374102,29.76804928,03980-020-107,0,175.5,399,15,15,0,0,2.0,292,233222.14,1
16,16750,5.0,1722,4,SUWANNEE,30000,458600,2015,100,1079.0,1979,2023,0,-82.5311065,29.73927365,04072-017-006,643,6.0,483,7,43,0,0,2.0,16267,154205.45,1
17,17046,21.0,1882,3,SUWANNEE,0,757800,2000,100,1882.0,1983,2023,0,-82.53912259,29.72416643,04092-003-000,0,746.0,598,22,39,0,0,2.0,4932,154208.45,1
18,12366,0.17,1369,3,HIGH SPRINGS,246700,288500,2016,100,1369.0,2016,2023,0,-82.54989579,29.80636504,03034-010-025,0,186.0,504,6,6,0,0,2.0,1182,223100.15,1
19,12559,0.23,2108,3,SUWANNEE,172900,295600,2000,100,1520.0,1976,2023,0,-82.52716811,29.80790818,03043-069-000,0,696.0,0,22,46,0,0,2.0,1650,233208.01,1
20,12562,0.23,1844,3,SUWANNEE,172900,208100,1970,100,1844.0,1968,2023,0,-82.52717045,29.80763323,03043-072-000,0,102.0,0,52,54,0,0,2.0,340,233208.01,1
21,12667,0.25,2640,4,ALACHUA,238900,488400,2004,100,2640.0,2004,2023,0,-82.5210624,29.80653447,03053-010-001,0,781.0,483,18,18,0,0,2.0,7541,233208.02,1
22,12737,3.95,1029,3,ALACHUA,0,300000,2008,100,1029.0,1950,2023,0,-82.52217751,29.8011667,03058-000-000,0,0.0,0,14,72,0,0,1.0,5408,233209.0,1
23,13388,0.17,867,3,ALACHUA,2300,142900,1991,100,867.0,1991,2023,0,-82.47477579,29.79155345,03195-002-043,0,112.0,281,31,31,0,0,1.0,224,233213.02,1
24,13738,0.19,1337,3,ALACHUA,245700,214900,2009,100,1337.0,2009,2023,0,-82.4906401,29.79648019,03218-020-056,0,180.0,380,13,13,0,0,2.0,253,233214.06,1
25,14159,0.26,1364,2,ALACHUA,38600,122900,1973,100,1364.0,1958,2023,0,-82.49306965,29.79152936,03407-013-000,0,65.0,0,49,64,0,0,1.0,1366,233214.02,1
26,14214,0.17,1056,3,ALACHUA,197300,203800,2008,100,1056.0,1975,2023,0,-82.49360908,29.78618817,03428-010-000,0,0.0,0,14,47,0,0,1.0,259,233214.02,1
27,14222,0.2,1052,3,ALACHUA,197300,186700,2005,100,1052.0,1937,2023,0,-82.493265,29.78686771,03432-000-000,0,154.0,0,17,85,0,0,1.0,839,233214.02,1
28,14235,0.29,1056,3,ALACHUA,197300,160100,1978,100,1056.0,1975,2023,0,-82.4924068,29.78695919,03439-002-001,0,0.0,288,44,47,0,0,1.5,100,233214.02,1
29,14386,0.17,1000,3,ALACHUA,98700,146300,2000,100,1000.0,1975,2023,0,-82.49810928,29.79867944,03531-029-000,0,0.0,0,22,47,0,0,1.0,0,233215.02,1
30,14609,0.14,1152,3,ALACHUA,147800,197800,2010,100,1152.0,1920,2023,0,-82.49767665,29.790297,03643-004-000,0,140.0,0,12,102,0,0,1.0,1458,233215.02,1
31,14795,0.23,1970,3,ALACHUA,29400,180400,1976,100,1970.0,1964,2023,0,-82.49957542,29.79061342,03794-002-000,0,16.0,0,46,58,0,0,3.0,6014,233215.02,1
32,14859,0.21,1096,3,ALACHUA,50300,132500,1982,100,1096.0,1935,2023,0,-82.50001818,29.78753069,03828-000-000,0,96.0,0,40,87,0,0,2.0,669,233215.02,1
33,14862,0.21,912,3,ALACHUA,50300,148700,1974,100,912.0,1962,2023,0,-82.5002546,29.78752986,03828-006-000,0,0.0,0,48,60,0,0,1.0,2068,233215.02,1
34,9869,0.3,1673,4,NEWBERRY,165300,314500,2000,100,1552.5,1998,2023,0,-82.61077296,29.63611261,02534-010-007,0,171.5,420,22,24,0,0,2.0,608,215109.01,1
35,9928,0.32,1639,3,NEWBERRY,165300,263400,2004,100,1639.0,2004,2023,0,-82.61193961,29.63409379,02534-015-010,0,240.0,462,18,18,0,0,2.0,1519,215109.01,1
36,10044,8.83,1860,3,NEWBERRY,0,476100,2001,100,1860.0,2001,2023,0,-82.62015384,29.62521424,02538-001-004,0,464.0,630,21,21,0,0,2.0,9966,215100.9,1
37,10281,5.03,1800,2,NEWBERRY,0,440300,2002,100,1500.0,2002,2023,0,-82.63601792,29.61062393,02580-001-006,300,0.0,0,20,20,0,0,2.0,43280,215100.9,1
38,10641,10.0,1222,3,NEWBERRY,0,245000,1981,100,1222.0,1981,2023,0,-82.65117942,29.59146935,02661-000-000,0,210.0,0,41,41,0,0,1.5,0,215100.9,1
39,10757,9.8,2105,3,SUWANNEE,0,522800,2007,100,2104.5,2007,2023,0,-82.64288688,29.56099354,02696-010-003,0,551.5,529,15,15,0,0,2.0,11203,216100.0,1
40,11009,9.68,2300,4,SUWANNEE,0,455900,2005,100,1380.0,1991,2023,0,-82.51868028,29.92329162,02750-001-010,716,444.0,0,17,31,0,0,2.5,7479,231233.11,1
41,11174,5.84,2112,3,SUWANNEE,150600,450500,2003,100,2112.0,2003,2023,0,-82.54054912,29.91374592,02794-003-004,0,367.0,0,19,19,0,0,2.0,35394,232205.11,1
42,12001,5.2,2072,3,SUWANNEE,138200,318700,1999,100,2072.0,1999,2023,0,-82.46667201,29.84141316,02974-010-004,0,268.0,0,23,23,0,0,2.0,1470,232236.11,1
43,12151,2.0,2748,4,ALACHUA,48900,543200,2012,100,2448.5,1996,2023,0,-82.50154044,29.8162852,03013-020-014,0,355.5,506,10,26,0,0,2.0,5859,233203.01,1
44,28410,0.14,1444,3,ALACHUA,202603,254400,2000,100,1444.0,1980,2023,0,-82.41728622,29.7533513,05900-007-006,0,32.0,366,22,42,0,0,2.0,1760,233328.03,1
45,28677,0.18,1516,3,ALACHUA,201400,324600,2002,100,1516.0,2002,2023,0,-82.42587754,29.76052674,05900-101-027,0,94.0,380,20,20,0,0,2.0,720,233328.06,1
46,28797,0.24,2304,4,ALACHUA,201600,450600,2003,100,2040.0,2003,2023,0,-82.42045401,29.75431506,05900-116-003,264,298.0,484,19,19,0,0,2.0,11988,233328.06,1
47,28811,0.21,1897,4,ALACHUA,201600,365300,2004,100,1896.5,2004,2023,0,-82.42179627,29.75500833,05900-119-004,0,235.5,483,18,18,0,0,2.0,1165,233328.06,1
48,28885,0.2,1731,4,ALACHUA,0,337300,2004,100,1731.0,2004,2023,0,-82.41949571,29.75219407,05900-150-016,0,264.0,496,18,18,0,0,2.0,1559,233328.03,2
49,29224,0.04,1259,3,ALACHUA,225200,220300,2000,100,1259.0,2000,2023,0,-82.41591643,29.7547352,05900-630-001,0,0.0,0,22,22,0,0,2.0,451,233328.09,1
50,29233,0.04,1259,3,ALACHUA,225200,220200,2002,100,1259.0,2002,2023,0,-82.41610112,29.75419396,05900-630-010,0,51.0,156,20,20,0,0,2.0,732,233328.09,1
51,29354,0.11,1342,3,ALACHUA,202300,279000,2003,100,1342.0,2003,2023,0,-82.42298173,29.76599036,05900-801-045,0,60.0,400,19,19,0,0,2.0,400,233328.06,1
52,29393,0.2,1894,4,ALACHUA,202300,296300,2000,100,1894.0,2000,2023,0,-82.42290481,29.76557838,05900-805-002,0,40.0,420,22,22,0,0,2.0,5650,233328.03,1
53,29541,0.1,1486,3,ALACHUA,202400,281700,2005,100,1486.0,2005,2023,0,-82.42550681,29.76556229,05900-913-009,0,217.0,420,17,17,0,0,2.0,829,233328.06,1
54,29691,0.38,2094,3,ALACHUA,50500,321000,1990,100,1884.0,1990,2023,0,-82.41194253,29.75771391,05917-075-000,0,235.0,441,32,32,0,0,2.5,2128,233328.01,1
55,30297,0.12,960,3,GAINESVILLE,200500,166300,1985,100,960.0,1985,2023,0,-82.38116267,29.73379465,05979-033-000,0,0.0,0,37,37,0,0,2.0,360,174302.01,1
56,30310,0.33,1416,3,GAINESVILLE,200500,213800,1990,100,1152.0,1980,2023,0,-82.38306961,29.73452388,05979-046-000,0,648.0,0,32,42,0,0,2.0,2903,174302.01,2
57,30323,0.15,1216,3,GAINESVILLE,200500,225300,1988,100,1056.0,1988,2023,0,-82.38232058,29.73372246,05979-059-000,0,160.0,288,34,34,0,0,2.0,3544,174302.01,1
58,30325,0.12,1392,3,GAINESVILLE,200500,144300,1985,100,1152.0,1984,2023,0,-82.38347803,29.73361694,05979-061-000,0,240.0,0,37,38,0,0,2.0,723,174302.01,1
59,30333,0.1,1152,3,GAINESVILLE,200500,189600,1987,100,1152.0,1987,2023,0,-82.38327115,29.73262282,05979-069-000,0,0.0,0,35,35,0,0,2.0,368,174302.01,2
60,30440,0.1,1056,3,GAINESVILLE,201000,168800,1987,100,1056.0,1987,2023,0,-82.38151444,29.73495979,05979-179-000,0,240.0,0,35,35,0,0,2.0,481,174302.01,1
61,30496,0.1,1152,3,GAINESVILLE,200900,190800,1986,100,1152.0,1986,2023,0,-82.38706634,29.73554196,05985-382-000,0,0.0,0,36,36,0,0,2.0,295,174302.05,1
62,7840,9.97,2832,4,SUWANNEE,0,549600,1995,100,2832.0,1982,2023,0,-82.59190128,29.66397587,01897-002-002,0,487.0,652,27,40,0,0,3.0,37051,224100.43,1
64,8948,0.44,2240,3,NEWBERRY,138300,210200,1977,100,2240.0,1900,2023,0,-82.61279401,29.64770171,02147-000-000,0,804.0,0,45,122,0,0,2.0,3422,215104.04,1
65,9289,0.56,992,2,NEWBERRY,12000,96600,1972,100,992.0,1959,2023,0,-82.61506314,29.64860374,02384-005-000,0,152.0,0,50,63,0,0,2.0,0,215104.05,1
66,26878,0.4,1109,3,LACROSSE,212200,133500,1980,100,925.0,1900,2023,0,-82.40372257,29.84620346,05552-004-000,0,368.0,0,42,122,0,0,1.0,4244,232334.0,1
67,27868,5.45,1449,3,SUWANNEE,0,365400,2007,100,1449.0,1993,2023,0,-82.44042657,29.79752421,05835-010-000,0,0.0,0,15,29,0,0,2.0,10772,233300.41,1
68,28328,0.44,2978,5,ALACHUA,201200,377600,1994,100,2978.0,1994,2023,0,-82.41940883,29.76126352,05900-005-010,0,515.0,748,28,28,0,0,3.0,4871,233328.03,1
69,28333,0.53,2208,4,ALACHUA,201200,452500,1987,100,2208.0,1987,2023,0,-82.42057915,29.7597838,05900-005-015,0,540.0,462,35,35,0,0,2.0,12977,233328.03,1
70,5049,0.34,1075,3,HIGH SPRINGS,180500,191800,1990,100,1075.0,1965,2023,0,-82.60069921,29.81379821,01488-237-000,0,25.0,0,32,57,0,0,1.0,760,223100.02,2
71,5251,0.77,2153,3,HIGH SPRINGS,228100,321000,2002,100,2153.0,2002,2023,0,-82.56923513,29.80998134,01516-010-014,0,369.0,480,20,20,0,0,2.0,1280,223100.03,1
72,6026,2.25,1957,3,HIGH SPRINGS,59000,367200,2005,100,1957.0,2005,2023,0,-82.57552345,29.78470758,01642-010-000,0,264.0,437,17,17,0,0,2.0,2177,223124.01,1
73,6666,5.0,1593,3,SUWANNEE,0,315000,1976,100,1593.0,1972,2023,0,-82.60818311,29.72954121,01758-000-000,0,75.0,384,46,50,0,0,2.0,4050,224100.42,1
74,23143,1.03,1204,3,SUWANNEE,0,216100,1977,100,1204.0,1977,2023,0,-82.54056334,29.61331064,04455-002-002,0,0.0,0,45,45,0,0,2.0,2738,215200.0,1
75,23550,6.98,1456,3,SUWANNEE,0,150300,2002,100,1456.0,2002,2023,0,-82.52912756,29.59321022,04528-001-002,0,416.0,0,20,20,0,0,2.0,9811,215200.0,1
76,23865,5.0,4660,4,SUWANNEE,237400,855000,2008,100,3681.0,2008,2023,0,-82.47184015,29.586367,04615-010-001,979,908.0,614,14,14,0,0,3.5,4588,215236.03,1
77,24223,2.05,1708,3,SUWANNEE,204100,239200,2000,100,1708.0,1956,2023,0,-82.48372071,29.55876129,04626-005-003,0,120.0,0,22,66,0,0,2.0,7886,216202.01,1
78,24719,0.57,2052,2,SUWANNEE,13100,108300,1960,100,2052.0,1940,2023,0,-82.47369697,29.54675152,04732-000-000,0,0.0,0,62,82,0,0,1.0,4370,216211.01,1
79,24780,0.2,1278,3,SUWANNEE,0,60800,1964,100,1278.0,1940,2023,0,-82.50636145,29.53023678,04748-001-000,0,40.0,0,58,82,0,0,1.0,252,216200.0,1
80,24833,0.71,752,2,SUWANNEE,0,16600,1956,100,752.0,1956,2023,0,-82.49584798,29.53268356,04771-001-000,0,12.0,0,66,66,0,0,1.0,0,216200.0,1
81,25024,0.25,1224,3,ARCHER,246900,195200,1995,100,1074.0,1982,2023,0,-82.5109647,29.53174243,04907-004-005,0,150.0,0,27,40,0,0,1.5,167,216216.01,1
83,25170,0.22,1152,3,ARCHER,216400,143400,1970,100,936.0,1967,2023,0,-82.52066547,29.52663451,04962-006-000,0,304.0,0,52,55,0,0,1.0,92,216216.02,1
84,25294,0.28,1268,3,ARCHER,6400,167000,1995,100,1268.0,1910,2023,0,-82.52609661,29.5277362,05013-000-000,0,0.0,0,27,112,0,0,1.0,120,216216.01,1
85,25524,0.23,1044,2,SUWANNEE,0,56500,1962,100,1044.0,1962,2023,0,-82.52357926,29.52138827,05105-003-000,0,0.0,0,60,60,0,0,1.0,0,216200.0,1
86,2498,1.0,1080,3,HIGH SPRINGS,0,135100,1986,100,1080.0,1978,2023,0,-82.58580054,29.81516112,00295-002-000,0,112.0,0,36,44,0,0,2.0,3518,223100.0,1
87,2857,0.34,1002,3,HIGH SPRINGS,64600,157600,1990,100,1002.0,1951,2023,0,-82.58956604,29.825734,00450-000-000,0,66.0,0,32,71,0,0,1.0,0,223100.06,2
88,3027,0.34,1240,3,HIGH SPRINGS,64600,198500,1990,100,1144.0,1974,2023,0,-82.59420578,29.83434861,00535-014-000,0,168.0,0,32,48,0,0,2.0,12097,223100.06,1
89,3037,1.19,1477,3,HIGH SPRINGS,64600,181500,1984,100,1477.0,1930,2023,0,-82.59220166,29.83435915,00540-001-000,0,0.0,0,38,92,0,0,2.0,3110,223100.06,1
90,3237,0.34,1171,3,HIGH SPRINGS,64600,179200,1978,100,1171.0,1963,2023,0,-82.59873641,29.8319827,00703-006-000,0,147.0,0,44,59,0,0,1.0,915,223100.07,1
91,3246,0.23,1926,2,HIGH SPRINGS,64600,144900,1978,100,1626.0,1929,2023,0,-82.60011467,29.82975299,00711-000-000,0,550.0,0,44,93,0,0,2.0,1365,223100.07,1
92,3547,1.15,2112,3,HIGH SPRINGS,94500,260300,1996,100,1618.0,1976,2023,0,-82.60464586,29.83627396,00983-000-000,494,36.0,0,26,46,0,0,1.5,10363,223100.09,1
93,3586,0.2,1248,3,HIGH SPRINGS,94900,141100,1992,100,1248.0,1929,2023,0,-82.60617413,29.83349012,01016-000-000,0,25.0,0,30,93,0,0,2.0,586,223100.09,1
94,4179,0.47,1431,3,HIGH SPRINGS,180500,270300,2008,100,1431.0,2003,2023,0,-82.59277942,29.81666487,01408-001-000,0,36.0,399,14,19,0,0,2.0,567,223100.02,1
95,4181,0.31,1504,3,HIGH SPRINGS,180500,235500,2006,100,1504.0,2006,2023,0,-82.59341478,29.81699184,01408-003-000,0,32.0,462,16,16,0,0,2.0,5659,223100.02,1
96,4309,0.36,1327,3,HIGH SPRINGS,180500,166600,1998,100,1327.0,1998,2023,0,-82.59711291,29.81494057,01408-126-000,0,36.0,399,24,24,0,0,2.0,731,223100.02,1
97,4570,5.0,1050,2,SUWANNEE,19200,101300,1963,100,1050.0,1929,2023,0,-82.62876487,29.82049821,01452-005-000,0,0.0,0,59,93,0,0,1.0,3221,223105.43,1
98,4759,1.16,2151,3,HIGH SPRINGS,232400,471500,2005,100,2150.5,2005,2023,0,-82.61228189,29.81325703,01481-020-118,0,474.5,441,17,17,0,0,2.0,2086,223100.04,1
99,4847,1.06,1744,3,HIGH SPRINGS,228700,371600,2004,100,1744.0,2004,2023,0,-82.60529748,29.80319986,01486-010-006,0,323.0,462,18,18,0,0,2.0,2278,223110.01,1
100,4999,0.28,1152,3,HIGH SPRINGS,180501,198500,2013,100,1152.0,1993,2023,0,-82.59768243,29.81381701,01488-010-024,0,64.0,0,9,29,0,0,1.0,462,223100.02,1
101,21320,0.17,2175,4,SUWANNEE,199310,517600,2007,100,2175.0,2007,2023,0,-82.48273189,29.64716539,04333-111-267,0,447.0,550,15,15,0,0,2.0,2420,215202.07,1
102,21353,0.34,4392,5,SUWANNEE,199312,1201200,2010,100,2566.0,2010,2023,0,-82.48571749,29.64580842,04333-112-299,1826,964.0,775,12,12,0,0,4.5,7180,215202.07,1
103,21371,0.3,3575,5,SUWANNEE,199313,1013800,2013,100,2319.0,2013,2023,0,-82.48766314,29.64677452,04333-113-316,1256,617.0,800,9,9,0,0,4.0,10325,215202.07,1
104,21587,1.01,1472,3,SUWANNEE,213800,251800,1990,100,1472.0,1980,2023,0,-82.47690839,29.65722421,04334-002-000,0,30.0,572,32,42,0,0,2.0,2747,215202.02,2
105,21638,1.07,1755,2,SUWANNEE,213700,204800,1980,100,1755.0,1980,2023,0,-82.47541444,29.65812057,04337-010-000,0,95.0,420,42,42,0,0,2.0,7923,215202.02,1
106,21653,0.94,1247,3,SUWANNEE,213700,165000,1970,100,1247.0,1956,2023,0,-82.47446608,29.6562282,04337-027-000,0,18.0,0,52,66,0,0,1.5,8983,215202.02,1
107,21818,0.16,2441,3,SUWANNEE,242100,601900,2017,100,2441.0,2017,2023,0,-82.48640037,29.65859494,04338-010-088,0,157.0,462,5,5,0,0,2.0,4513,215200.03,1
108,22481,5.21,2176,3,SUWANNEE,260300,650700,2002,100,2176.0,1992,2023,0,-82.47847955,29.64243335,04414-002-000,0,336.0,550,20,30,0,0,2.0,38622,215211.02,2
109,22918,1.01,2659,4,SUWANNEE,151600,566000,1997,100,2467.0,1997,2023,0,-82.47619397,29.62826099,04428-030-085,0,416.0,808,25,25,0,0,2.5,16938,215214.01,1
110,1143,6.41,2210,3,SUWANNEE,0,433100,2004,100,1662.0,1975,2023,0,-82.58060244,29.85888955,00056-003-002,0,1034.0,0,18,47,0,0,2.0,22363,222100.0,1
111,1416,1.07,2260,3,HIGH SPRINGS,0,199700,1982,100,1780.0,1973,2023,0,-82.58383244,29.84781803,00146-002-001,0,480.0,320,40,49,0,0,2.0,5289,222100.0,1
112,2388,0.36,1485,3,HIGH SPRINGS,94002,266000,2005,100,1485.0,2005,2023,0,-82.58870633,29.83290162,00257-201-016,0,214.0,412,17,17,0,0,2.0,4173,222100.03,1
113,19298,1.0,800,3,SUWANNEE,0,144900,1990,100,800.0,1964,2023,0,-82.52388401,29.65633094,04275-003-000,0,0.0,0,32,58,0,0,1.0,1161,154200.0,1
115,19954,0.17,1764,3,SUWANNEE,152500,330400,1988,100,1764.0,1988,2023,0,-82.47435636,29.66047045,04314-302-051,0,107.0,399,34,34,0,0,2.0,1993,154235.02,1
116,19975,0.24,1842,3,SUWANNEE,152500,264600,1990,100,1589.0,1990,2023,0,-82.47302707,29.66004449,04314-302-072,0,325.0,427,32,32,0,0,2.0,2394,154235.02,1
117,20709,0.2,1414,3,SUWANNEE,233500,292100,2015,100,1414.0,2003,2023,0,-82.46692809,29.66882727,04321-600-009,0,154.0,400,7,19,0,0,2.0,1453,154236.01,1
118,20760,5.0,1553,3,SUWANNEE,0,614400,1970,100,1241.0,1950,2023,0,-82.47034494,29.65621347,04322-006-001,0,327.0,0,52,72,0,0,1.5,527,215200.0,1
119,20868,0.41,2761,4,SUWANNEE,243500,610500,2007,100,2761.0,2007,2023,0,-82.47020209,29.64978524,04328-010-031,0,433.0,591,15,15,0,0,3.0,11089,215200.02,1
120,34166,0.41,1544,3,SUWANNEE,47100,240700,1984,100,1340.0,1980,2023,0,-82.4002547,29.70876142,06023-020-054,0,236.0,252,38,42,0,0,2.0,1338,114315.01,1
121,34185,0.35,1418,3,SUWANNEE,47100,293700,1981,100,1418.0,1979,2023,0,-82.39964796,29.70882354,06023-020-073,0,12.0,416,41,43,0,0,2.0,1447,114315.01,1
123,34702,1.02,1758,4,SUWANNEE,121200,426400,2007,100,1758.0,1981,2023,0,-82.43233392,29.70700686,06035-003-020,0,222.0,390,15,41,0,0,2.0,8189,114317.01,2
124,34843,1.1,4769,5,SUWANNEE,236600,842800,2005,100,4236.5,2005,2023,0,-82.43212458,29.71302731,06035-200-050,532,678.5,936,17,17,0,0,5.0,2919,114317.04,1
125,35262,0.34,2095,4,ST. JOHN'S,218500,552600,2010,100,2095.0,1999,2023,0,-82.4058424,29.70039905,06046-010-067,0,313.0,412,12,23,0,0,2.0,6955,114321.01,1
126,35343,0.21,1315,3,ST. JOHN'S,187601,316300,2000,100,1315.0,1988,2023,0,-82.40812978,29.69503886,06048-010-058,0,62.0,400,22,34,0,0,2.0,8967,114321.06,1
127,35649,1.91,3983,5,ST. JOHN'S,195500,972800,2006,100,1915.0,1994,2023,0,-82.41552108,29.70128892,06050-010-011,2068,26.0,834,16,28,0,0,3.0,14458,114321.03,1
128,36028,0.62,3000,4,ST. JOHN'S,101502,530500,1989,100,3000.0,1989,2023,0,-82.40044447,29.69554697,06059-020-003,0,455.0,575,33,33,0,0,2.5,9724,114322.08,1
129,48957,0.31,1686,3,GAINESVILLE,16101,350500,2000,100,1686.0,1953,2023,0,-82.36884127,29.65113863,06461-014-000,0,48.0,0,22,69,0,0,2.0,3863,145301.02,2
130,49002,0.29,1723,3,GAINESVILLE,16102,360400,2002,100,1723.0,1958,2023,0,-82.36824024,29.65332721,06462-037-000,0,32.0,525,20,64,0,0,3.0,898,145301.02,1
131,49215,0.23,1279,3,GAINESVILLE,221700,245800,1990,100,1279.0,1956,2023,0,-82.37539784,29.6544104,06481-028-000,0,0.0,0,32,66,0,0,1.0,718,145302.01,1
132,49330,0.24,1580,3,GAINESVILLE,221800,166300,1975,100,1580.0,1957,2023,0,-82.37427669,29.65628157,06482-066-000,0,0.0,0,47,65,0,0,2.0,1143,145302.01,1
133,49466,0.24,1340,3,GAINESVILLE,72800,225600,1975,100,962.0,1956,2023,0,-82.37848405,29.65386576,06484-076-000,0,687.0,0,47,66,0,0,1.0,531,145302.01,1
134,49526,0.25,1215,3,GAINESVILLE,215700,253300,1990,100,1215.0,1960,2023,0,-82.37431426,29.65843576,06486-015-000,0,80.0,0,32,62,0,0,2.0,1709,145302.01,1
135,49637,0.24,1826,4,GAINESVILLE,152000,356700,1998,100,785.0,1998,2023,0,-82.38545106,29.65913909,06490-100-001,1041,89.0,480,24,24,0,0,3.0,1049,145302.09,1
136,50174,0.32,1592,3,GAINESVILLE,146400,276900,1975,100,1592.0,1957,2023,0,-82.37937096,29.65023387,06533-002-000,0,75.0,0,47,65,0,0,2.0,240,145302.02,1
137,50298,0.86,3429,4,GAINESVILLE,76700,714400,2015,100,3429.0,1951,2023,0,-82.3900551,29.64968801,06537-021-000,0,60.0,0,7,71,0,1,3.5,10109,145302.06,1
138,50640,0.61,2852,3,GAINESVILLE,50800,466900,1990,100,2662.0,1962,2023,0,-82.40449573,29.65733778,06552-009-000,0,365.0,0,32,60,0,0,3.0,4022,125303.01,1
139,63167,0.42,1167,3,ST. JOHN'S,165500,189900,1957,100,1068.0,1957,2023,0,-82.39012828,29.61316595,06956-003-000,0,99.0,0,65,65,0,0,1.0,519,125322.04,1
140,63836,0.17,1993,4,ST. JOHN'S,241501,545400,2011,100,1992.5,2011,2023,0,-82.4374885,29.59302833,07054-032-102,0,742.5,446,11,11,0,0,3.0,7274,125329.05,1
141,63867,0.27,1949,3,ST. JOHN'S,77200,327700,1998,100,1845.0,1998,2023,0,-82.43288641,29.59653747,07054-100-029,0,152.0,420,24,24,0,0,2.0,1462,125329.07,1
142,63883,0.24,1636,3,ST. JOHN'S,77200,326200,1998,100,1636.0,1998,2023,0,-82.43205433,29.59584351,07054-100-045,0,36.0,420,24,24,0,0,2.0,2038,125329.07,1
143,64148,0.21,1519,4,ST. JOHN'S,125702,309500,1997,100,1519.0,1997,2023,0,-82.42782358,29.59058338,07061-020-041,0,275.0,440,25,25,0,0,2.0,791,125329.04,1
144,64162,0.2,1608,4,ST. JOHN'S,125703,345300,1998,100,1608.0,1998,2023,0,-82.42947077,29.59194196,07061-030-006,0,202.0,444,24,24,0,0,2.0,310,125329.04,1
145,64381,0.19,1577,4,ST. JOHN'S,230700,340400,2002,100,1577.0,2002,2023,0,-82.43376295,29.58895312,07061-080-030,0,243.0,448,20,20,0,0,2.0,808,125329.04,1
146,64746,0.17,2233,4,ST. JOHN'S,246100,459500,2013,100,2233.0,2013,2023,0,-82.43753542,29.58577294,07098-001-027,0,226.5,380,9,9,0,0,3.5,1011,125332.03,1
147,78703,0.38,1359,3,GAINESVILLE,62000,328300,1985,100,1359.0,1981,2023,0,-82.34905554,29.67240257,09013-003-034,0,16.0,529,37,41,0,0,2.0,3192,324431.05,1
148,78718,0.34,2284,3,GAINESVILLE,61800,450900,1978,100,2284.0,1968,2023,0,-82.35160453,29.67251647,09013-005-003,0,144.0,0,44,54,0,0,2.0,5140,324431.05,1
149,78807,0.4,2552,3,GAINESVILLE,61900,385400,1976,100,2076.0,1970,2023,0,-82.34952247,29.67118288,09013-006-028,0,620.0,528,46,52,0,0,2.0,7260,324431.05,1
150,79256,0.32,1762,3,GAINESVILLE,98600,353300,2001,100,1762.0,1955,2023,0,-82.34645692,29.66538636,09022-008-000,0,77.0,286,21,67,0,0,2.0,1801,324431.0,2
151,79393,0.36,2116,3,GAINESVILLE,60000,217800,2010,100,1258.0,1952,2023,0,-82.34667225,29.6631168,09114-000-000,570,682.0,0,12,70,0,0,2.5,2832,324431.02,1
152,79709,0.17,876,3,GAINESVILLE,72300,179400,2000,100,876.0,1955,2023,0,-82.32843194,29.67167089,09253-010-000,0,0.0,0,22,67,0,0,1.0,135,324432.01,1
153,79721,0.14,832,3,GAINESVILLE,72300,128000,1975,100,832.0,1959,2023,0,-82.32713332,29.67131727,09256-004-000,0,92.0,0,47,63,0,0,1.0,0,324432.01,1
154,79723,0.15,576,3,GAINESVILLE,72300,155600,2010,100,576.0,1972,2023,0,-82.32681544,29.67131489,09256-006-000,0,0.0,0,12,50,0,0,1.0,0,324432.01,2
155,79984,0.16,1093,2,GAINESVILLE,182900,256000,1999,100,1093.0,1946,2023,0,-82.33447106,29.66029083,09438-000-000,0,0.0,0,23,76,0,0,1.0,1310,324432.03,2
157,80022,0.27,1692,3,GAINESVILLE,183000,461500,1990,100,1692.0,1941,2023,0,-82.33122647,29.65998694,09473-000-000,0,84.0,0,32,81,0,0,2.0,3358,324432.5,1
158,96061,0.25,1799,3,WALDO,19700,101300,1970,100,1191.0,1938,2023,0,-82.1705817,29.79135767,17072-016-000,608,343.0,0,52,84,0,0,2.0,950,313523.01,1
159,96345,0.24,1576,3,WALDO,148500,92500,1974,100,1448.0,1920,2023,0,-82.17118496,29.78966289,17187-006-000,0,128.0,0,48,102,0,0,2.0,2154,313523.01,1
160,96411,1.12,1180,3,WALDO,0,77300,1978,100,1180.0,1962,2023,0,-82.17447871,29.78792184,17215-010-000,0,60.0,0,44,60,0,0,1.0,3545,313523.01,1
161,97547,0.23,1368,2,ST. JOHN'S,0,153400,1970,100,1256.0,1960,2023,0,-82.2438816,29.67586308,17744-005-000,0,112.0,0,52,62,0,0,1.0,484,314530.01,1
162,97674,2.2,1778,3,ST. JOHN'S,0,164000,1971,100,1638.0,1940,2023,0,-82.24490866,29.66891854,17770-000-000,0,210.0,0,51,82,0,0,1.5,1641,314500.4,1
163,97885,1.34,1946,3,ST. JOHN'S,0,115400,1968,100,1946.0,1968,2023,0,-82.18542613,29.65728114,17811-000-000,0,240.0,0,54,54,0,0,2.5,482,315500.4,1
164,32481,0.25,1820,3,GAINESVILLE,142300,137600,1978,100,1820.0,1975,2023,0,-82.36519259,29.70838716,06014-022-084,0,0.0,0,44,47,0,0,2.0,437,174313.01,1
165,32495,0.25,1050,3,GAINESVILLE,142300,224600,2000,100,1050.0,1975,2023,0,-82.36608239,29.70787294,06014-023-000,0,0.0,300,22,47,0,0,1.5,448,174313.01,1
166,32535,0.26,1155,3,GAINESVILLE,142300,223900,2000,100,1155.0,1975,2023,0,-82.36510651,29.70719122,06014-023-042,0,0.0,0,22,47,0,0,1.0,1826,174313.01,1
167,32602,0.25,1442,3,GAINESVILLE,142400,276400,2005,100,1202.0,1976,2023,0,-82.36393032,29.71153214,06014-024-048,0,368.0,0,17,46,0,0,2.0,1928,174313.01,1
169,32956,0.2,1483,4,GAINESVILLE,189701,262300,1993,100,1482.5,1993,2023,0,-82.37813828,29.71663839,06015-001-002,0,218.5,400,29,29,0,0,2.0,915,164314.08,1
170,33140,0.21,1243,3,GAINESVILLE,4601,216500,1991,100,1243.0,1988,2023,0,-82.37833518,29.70488684,06015-020-053,0,15.0,480,31,34,0,0,2.0,1580,164314.11,1
171,33426,0.11,1718,3,GAINESVILLE,127400,253100,1987,100,800.0,1985,2023,0,-82.3789437,29.70939124,06017-001-034,918,0.0,326,35,37,0,0,2.5,1016,164314.01,1
172,33799,0.21,1322,3,GAINESVILLE,253101,233300,1999,100,1322.0,1996,2023,0,-82.38116959,29.71069646,06020-012-056,0,20.0,483,23,26,0,0,2.0,1194,164314.12,1
173,33835,0.22,1334,3,GAINESVILLE,253102,269300,1999,100,1334.0,1996,2023,0,-82.38659145,29.71285196,06020-013-091,0,182.0,480,23,26,0,0,2.0,327,164314.12,1
174,33940,0.26,1774,3,GAINESVILLE,74402,314700,1998,100,1774.0,1995,2023,0,-82.38406642,29.70870459,06020-030-092,0,199.0,483,24,27,0,0,2.0,296,164314.13,1
175,33980,0.42,2340,4,GAINESVILLE,133800,562400,2013,100,2339.5,1995,2023,0,-82.38079631,29.71519058,06020-040-030,0,344.5,441,9,27,0,0,3.0,12268,164314.4,1
176,47196,0.27,1200,3,GAINESVILLE,216200,268300,1995,100,1200.0,1966,2023,0,-82.38833386,29.66605884,06397-042-000,0,120.0,242,27,56,0,0,2.0,1159,114335.12,1
177,47232,0.23,1052,3,GAINESVILLE,57900,208700,1990,100,912.0,1962,2023,0,-82.38257067,29.66740034,06398-005-000,0,231.0,0,32,60,0,0,1.0,1512,114335.12,2
178,47262,0.23,1217,3,GAINESVILLE,57900,201400,1974,100,1217.0,1964,2023,0,-82.38258766,29.66533762,06398-035-000,0,33.0,0,48,58,0,0,2.0,1573,114335.12,1
179,47763,0.42,2166,3,GAINESVILLE,220200,389100,1994,100,2166.0,1984,2023,0,-82.38179149,29.67747228,06414-010-004,0,321.0,576,28,38,0,0,2.0,5848,114335.1,2
180,48041,0.33,1781,4,GAINESVILLE,27800,340300,2005,100,1781.0,1983,2023,0,-82.36275283,29.67020572,06426-045-000,0,25.0,420,17,39,0,0,2.0,7004,114336.02,1
181,48208,0.87,2578,5,GAINESVILLE,0,697600,2015,100,2578.0,1964,2023,0,-82.36849178,29.67130922,06431-008-000,0,260.0,0,7,58,0,0,3.0,2602,114336.06,1
182,48352,0.34,1924,3,GAINESVILLE,0,278000,1979,100,1264.0,1963,2023,0,-82.36902728,29.66401561,06435-010-000,660,25.0,0,43,59,0,0,3.0,766,114336.07,1
183,61229,0.2,1839,4,ST. JOHN'S,80700,373800,1998,100,1838.5,1998,2023,0,-82.4456045,29.61854886,06860-331-033,0,212.0,515,24,24,0,0,2.0,1792,125318.03,1
184,61604,0.28,2997,4,ST. JOHN'S,81600,511000,2004,100,2996.5,2002,2023,0,-82.44532477,29.62326912,06860-351-032,0,361.5,483,18,20,0,0,2.0,1804,125318.08,1
185,61665,0.12,2233,4,ST. JOHN'S,81800,449800,2002,100,1939.0,2002,2023,0,-82.44584601,29.6253964,06860-353-046,294,220.0,420,20,20,0,0,2.0,1329,125318.09,1
186,61858,0.34,3062,4,ST. JOHN'S,232601,625600,2004,100,2650.0,2004,2023,0,-82.43946222,29.62578272,06860-362-047,412,471.0,483,18,18,0,0,2.0,10206,125317.04,1
187,76813,0.08,648,3,GAINESVILLE,48300,136100,1972,100,648.0,1948,2023,0,-82.33277169,29.68476673,08495-000-000,0,0.0,0,50,74,0,0,1.0,195,324429.02,1
188,76819,0.2,1130,3,GAINESVILLE,48300,332800,1970,100,886.0,1936,2023,0,-82.33149588,29.68444423,08502-000-000,0,244.0,0,52,86,0,0,1.0,0,324429.02,1
189,76929,0.31,905,3,GAINESVILLE,44600,141400,1995,100,905.0,1954,2023,0,-82.33350402,29.68429217,08554-058-000,0,0.0,0,27,68,0,0,1.0,135,324429.07,1
190,77183,0.14,1358,3,GAINESVILLE,188100,201400,1986,100,1358.0,1976,2023,0,-82.3334372,29.67960199,08764-000-000,0,0.0,0,36,46,0,0,1.0,0,324429.02,1
191,77257,0.33,1112,3,GAINESVILLE,188100,200200,1983,100,1112.0,1983,2023,0,-82.33738647,29.68235731,08824-000-000,0,80.0,396,39,39,0,0,1.5,2365,324429.02,1
192,77596,0.23,1144,3,GAINESVILLE,155200,222500,1999,100,1144.0,1959,2023,0,-82.34253705,29.68487383,08966-003-000,0,72.0,0,23,63,0,0,2.0,2314,324430.03,1
193,77642,0.34,1334,3,GAINESVILLE,75400,131900,1980,100,1334.0,1965,2023,0,-82.34477394,29.68822909,08982-001-000,0,112.0,0,42,57,0,0,2.0,220,324430.03,1
194,77677,0.18,1008,3,GAINESVILLE,157000,202500,1999,100,1008.0,1977,2023,0,-82.34582546,29.6824157,08985-007-009,0,0.0,280,23,45,0,0,1.5,977,324430.03,1
195,78452,0.23,1496,3,GAINESVILLE,114600,276900,1977,100,1496.0,1969,2023,0,-82.35218984,29.67927645,09004-037-000,0,12.0,528,45,53,0,0,2.0,2102,324430.07,1
196,78456,0.23,1508,3,GAINESVILLE,114600,227600,1985,100,1508.0,1970,2023,0,-82.35219256,29.67886067,09004-041-000,0,0.0,520,37,52,0,0,2.0,2602,324430.07,2
197,92913,0.24,1404,2,ST. JOHN'S,108801,165700,1990,100,1404.0,1966,2023,0,-82.28188134,29.63444674,16134-024-006,0,0.0,0,32,56,0,0,2.0,1292,315411.03,1
198,93103,0.12,1252,3,ST. JOHN'S,250400,201400,2011,100,1252.0,2011,2023,0,-82.28778575,29.63244205,16134-052-008,0,105.0,0,11,11,0,0,2.0,406,315400.0,1
199,93187,0.52,720,2,ST. JOHN'S,0,70500,1965,100,720.0,1954,2023,0,-82.28882939,29.63822823,16153-001-000,0,0.0,0,57,68,0,0,1.0,400,315411.03,1
200,93214,0.88,951,3,ST. JOHN'S,0,114100,1992,100,874.0,1949,2023,0,-82.28686047,29.6392874,16165-000-000,0,154.0,0,30,73,0,0,1.0,553,315411.03,1
201,93409,0.28,973,3,ST. JOHN'S,110300,146000,1985,100,832.0,1970,2023,0,-82.27149602,29.63213248,16187-063-000,0,201.0,0,37,52,0,0,1.0,144,315412.02,1
202,93491,0.32,1080,3,ST. JOHN'S,123500,80100,1980,100,1080.0,1957,2023,0,-82.26701374,29.63475785,16190-007-000,0,0.0,0,42,65,0,0,1.0,0,315412.01,1
203,93805,5.0,1840,3,ST. JOHN'S,0,221300,1981,100,1840.0,1979,2023,0,-82.27924953,29.61625285,16222-000-000,0,216.0,720,41,43,0,0,2.0,3434,315400.0,1
204,93835,0.23,1008,3,ST. JOHN'S,40100,188500,1973,100,1008.0,1961,2023,0,-82.30392186,29.62900851,16224-013-000,0,0.0,0,49,61,0,0,1.0,432,315400.0,1
205,93862,0.38,1522,3,ST. JOHN'S,0,157500,1979,100,1522.0,1960,2023,0,-82.30554708,29.62661523,16226-008-000,0,60.0,0,43,62,0,0,2.0,2449,315400.0,1
206,93874,0.51,1344,3,ST. JOHN'S,0,66600,1980,100,1088.0,1940,2023,0,-82.30547314,29.62435696,16232-002-000,0,256.0,0,42,82,0,0,2.0,145,315400.0,1
207,94005,0.67,1519,3,ST. JOHN'S,168200,201400,1978,100,1519.0,1966,2023,0,-82.30841514,29.61839337,16247-011-000,0,20.0,0,44,56,0,0,2.0,1386,145416.01,1
208,94114,6.37,2905,3,ST. JOHN'S,0,238100,1979,100,2485.0,1976,2023,0,-82.29231844,29.61019337,16262-003-001,0,564.0,0,43,46,0,0,2.0,7527,315400.0,1
209,94152,1.78,2063,3,ST. JOHN'S,0,365400,2005,100,2063.0,1925,2023,0,-82.33216972,29.55926005,16290-002-000,0,120.0,560,17,97,0,0,2.0,5395,216400.0,2
210,94172,5.78,1862,3,ST. JOHN'S,52400,376900,1980,100,1862.0,1980,2023,0,-82.34112881,29.55576412,16293-018-000,0,365.0,748,42,42,0,0,2.0,18743,218701.01,1
211,94553,2.0,1535,3,ST. JOHN'S,114800,275300,2010,100,1375.0,1959,2023,0,-82.31046483,29.53894132,16404-004-000,0,160.0,0,12,63,0,0,1.5,2150,216400.0,1
212,94899,0.2,1040,3,MICANOPY,179500,188800,1985,100,1040.0,1959,2023,0,-82.28177732,29.5079942,16520-011-000,0,0.0,0,37,63,0,0,1.0,0,216426.01,1
213,94908,0.28,984,3,MICANOPY,179500,120800,1998,100,984.0,1998,2023,0,-82.28361132,29.50725637,16520-014-002,0,0.0,0,24,24,0,0,2.0,1518,216426.01,1
214,94957,0.58,880,3,MICANOPY,179500,183600,2000,100,880.0,1900,2023,0,-82.28399488,29.50413773,16520-039-002,0,160.0,0,22,122,0,0,1.0,0,216426.01,1
215,30548,0.15,1056,3,GAINESVILLE,200800,184600,1988,100,1056.0,1988,2023,0,-82.38809938,29.73318329,05985-434-000,0,160.0,0,34,34,0,0,2.0,605,174302.05,1
216,30973,0.06,1348,3,GAINESVILLE,230000,246800,2002,100,1347.5,2002,2023,0,-82.39367527,29.72676773,06006-066-139,0,202.5,446,20,20,0,0,2.0,224,114310.09,1
217,31076,0.06,1380,3,GAINESVILLE,230002,235500,2005,100,1379.5,2005,2023,0,-82.39470209,29.72772984,06006-068-200,0,204.5,412,17,17,0,0,2.0,200,114310.09,1
218,31344,0.13,1604,3,GAINESVILLE,245800,324600,2012,100,1604.0,2012,2023,0,-82.39776245,29.72893086,06009-010-050,0,216.0,400,10,10,0,0,2.0,1090,114310.1,1
219,31792,0.34,1509,3,GAINESVILLE,142100,289700,1994,100,1509.0,1981,2023,0,-82.3691595,29.71651344,06014-003-051,0,308.0,486,28,41,0,0,2.0,1172,174313.12,1
220,32007,0.59,1520,3,GAINESVILLE,141700,327300,2005,100,1520.0,1976,2023,0,-82.36988909,29.70976027,06014-011-015,0,214.0,546,17,46,0,0,2.0,2618,174313.12,1
221,32064,0.4,1384,3,GAINESVILLE,141800,281300,2005,100,1384.0,1981,2023,0,-82.37105897,29.71197338,06014-012-010,0,20.0,440,17,41,0,0,2.0,2096,174313.12,1
222,32149,0.32,1472,3,GAINESVILLE,141900,295500,1996,100,1472.0,1979,2023,0,-82.37106003,29.71437161,06014-013-043,0,342.0,528,26,43,0,0,2.0,1468,174313.12,1
223,32222,0.23,1323,3,GAINESVILLE,142700,191800,1980,100,1323.0,1978,2023,0,-82.36692173,29.71654072,06014-015-056,0,56.0,324,42,44,0,0,2.0,910,174313.04,1
224,32343,0.25,1156,3,GAINESVILLE,142200,231200,1995,100,1156.0,1974,2023,0,-82.36573129,29.70642201,06014-020-082,0,40.0,228,27,48,0,0,2.0,966,174313.01,1
225,32344,0.25,1504,3,GAINESVILLE,142200,285600,1995,100,1504.0,1975,2023,0,-82.36573176,29.70616079,06014-020-083,0,0.0,526,27,47,0,0,2.0,733,174313.01,1
226,45577,1.43,3778,4,ST. JOHN'S,214100,664600,1990,100,3778.0,1959,2023,0,-82.40634889,29.66969875,06350-001-000,0,921.0,1147,32,63,0,0,2.5,1464,114333.03,2
227,45679,0.23,1104,3,ST. JOHN'S,214400,147100,1975,100,1104.0,1964,2023,0,-82.40174554,29.67191761,06352-016-000,0,92.0,0,47,58,0,0,1.0,562,114334.01,1
228,45739,0.28,1228,3,ST. JOHN'S,214500,243000,2005,100,1228.0,1970,2023,0,-82.40256556,29.67135442,06353-020-000,0,0.0,0,17,52,0,0,1.0,2879,114334.01,1
229,45939,0.32,1386,3,GAINESVILLE,155501,280300,1995,100,1386.0,1967,2023,0,-82.4009019,29.6718832,06356-002-023,0,135.0,0,27,55,0,0,2.0,1564,114334.02,1
230,46197,5.27,1699,3,GAINESVILLE,0,349500,1980,100,1335.0,1955,2023,0,-82.39559268,29.67314576,06372-000-000,0,445.0,0,42,67,0,0,1.0,6553,114300.4,1
231,46448,0.35,2100,3,GAINESVILLE,186500,332300,1980,100,1120.0,1967,2023,0,-82.39406775,29.66876923,06383-027-027,980,112.0,0,42,55,0,0,2.5,3029,114334.1,1
232,46530,0.36,2710,3,GAINESVILLE,186700,515400,2005,100,2710.0,1968,2023,0,-82.39069959,29.66966493,06383-029-018,0,162.0,0,17,54,0,0,2.0,2368,114334.1,1
233,46803,0.43,1528,3,GAINESVILLE,215300,236100,1980,100,1528.0,1978,2023,0,-82.38110875,29.65988683,06388-017-000,0,66.0,575,42,44,0,0,2.0,2331,114335.03,1
234,59364,0.25,1380,3,ST. JOHN'S,77300,300400,1990,100,1380.0,1984,2023,0,-82.43245557,29.60650992,06860-010-008,0,18.0,600,32,38,0,0,2.0,2322,125320.09,1
235,59383,0.34,1784,3,ST. JOHN'S,77300,392900,2005,100,1784.0,1983,2023,0,-82.43237734,29.60462042,06860-010-027,0,98.0,484,17,39,0,0,2.0,2445,125320.09,1
236,59515,0.11,986,3,ST. JOHN'S,80100,193100,2002,100,986.0,1983,2023,0,-82.43396247,29.60610631,06860-030-037,0,30.0,0,20,39,0,0,1.0,1412,125320.03,1
237,59834,0.78,2619,5,ST. JOHN'S,82700,517100,1989,100,2618.5,1989,2023,0,-82.43476168,29.61228186,06860-090-013,0,217.5,616,33,33,0,0,2.0,10594,125320.1,1
238,60173,0.11,1592,4,ST. JOHN'S,78200,259100,1994,100,1592.0,1994,2023,0,-82.44763425,29.60537114,06860-140-006,0,302.0,440,28,28,0,0,2.0,1229,125320.08,1
239,60734,0.5,4538,5,ST. JOHN'S,254500,1151200,2005,100,3697.5,1995,2023,0,-82.45469636,29.61105226,06860-210-029,840,682.0,736,17,27,0,0,3.5,11353,125319.15,1
240,60819,0.1,2214,3,ST. JOHN'S,79300,374500,1994,100,1998.0,1994,2023,0,-82.43593571,29.60731829,06860-240-035,0,272.0,400,28,28,0,0,2.5,754,125319.03,1
241,60970,0.16,2926,4,ST. JOHN'S,79900,529900,2000,100,2547.5,1995,2023,0,-82.43978492,29.61132867,06860-280-010,378,384.5,748,22,27,0,0,3.5,1927,125319.17,1
242,61025,0.03,1710,4,ST. JOHN'S,80000,351400,2003,100,716.0,2003,2023,0,-82.43769694,29.60924444,06860-290-050,994,54.0,280,19,19,0,0,2.0,1046,125320.02,1
243,74544,0.26,1056,3,GAINESVILLE,145500,103000,1972,100,1056.0,1960,2023,0,-82.33429501,29.6905488,08035-042-000,0,0.0,0,50,62,0,0,1.0,1064,324420.03,1
244,74597,0.27,1113,3,GAINESVILLE,145500,228100,2012,100,1113.0,1952,2023,0,-82.33329382,29.68914577,08055-020-000,0,77.0,0,10,70,0,0,2.0,1050,324420.03,1
245,74675,0.44,1200,3,GAINESVILLE,119800,189400,1999,100,1040.0,1948,2023,0,-82.33666222,29.69306109,08109-001-000,0,160.0,0,23,74,0,0,1.0,180,324420.01,1
247,75633,0.18,1496,3,GAINESVILLE,95800,178700,1976,100,1291.0,1961,2023,0,-82.3118698,29.68012049,08202-050-000,0,289.0,0,46,61,0,0,2.0,693,324428.02,1
248,75728,0.18,1274,3,GAINESVILLE,95800,206700,2000,100,1274.0,1960,2023,0,-82.31278593,29.67778212,08202-145-000,0,0.0,0,22,62,0,0,1.0,1836,324428.02,1
249,76018,0.23,1035,3,GAINESVILLE,96000,204600,1989,100,1035.0,1965,2023,0,-82.31153444,29.6829203,08231-003-018,0,138.0,0,33,57,0,0,2.0,379,324428.01,1
250,76207,0.24,1129,3,GAINESVILLE,96100,177300,1999,100,975.0,1971,2023,0,-82.31068458,29.68460877,08231-006-003,0,262.0,0,23,51,0,0,2.0,2063,324428.01,1
251,91038,0.23,1931,3,GAINESVILLE,110100,236100,1980,100,1931.0,1977,2023,0,-82.33608428,29.6328567,15699-059-018,0,0.0,484,42,45,0,0,2.0,1890,148400.02,1
252,91997,0.39,1140,3,GAINESVILLE,0,109900,1970,100,1140.0,1949,2023,0,-82.3187042,29.63869484,16014-005-000,0,220.0,0,52,73,0,0,1.0,930,145404.6,1
253,92038,0.58,572,3,ST. JOHN'S,11205,70100,1972,100,572.0,1957,2023,0,-82.30544061,29.63064778,16053-000-000,0,0.0,0,50,65,0,0,1.0,311,315410.0,1
254,92296,0.36,1032,3,GAINESVILLE,115500,226700,1990,100,1032.0,1963,2023,0,-82.30259586,29.63829611,16106-117-000,0,56.0,0,32,59,0,0,1.0,711,315410.03,1
255,92322,0.15,1180,3,GAINESVILLE,115600,199700,1980,100,1180.0,1963,2023,0,-82.29913281,29.64144321,16107-014-000,0,24.0,0,42,59,0,0,1.0,3443,315410.03,1
256,43614,0.22,1913,3,ST. JOHN'S,22301,354400,2005,100,1913.0,2000,2023,0,-82.4412045,29.67736119,06234-110-015,0,255.0,471,17,22,0,0,2.0,762,114330.08,1
257,44211,0.66,1823,3,ST. JOHN'S,144900,384000,1984,100,1823.0,1970,2023,0,-82.44185955,29.66177198,06304-020-000,0,407.0,0,38,52,0,0,2.0,7470,114331.01,1
258,44736,0.14,2931,4,ST. JOHN'S,239302,503500,2016,100,1662.0,2016,2023,0,-82.44765414,29.67045113,06308-020-096,1269,200.0,506,6,6,0,0,3.5,2228,114330.12,1
259,44990,0.33,1883,4,ST. JOHN'S,37500,370700,1996,100,1883.0,1996,2023,0,-82.43721464,29.6723294,06322-010-011,0,242.5,484,26,26,0,0,2.5,7899,114332.02,1
260,45096,0.18,2105,4,ST. JOHN'S,51301,409600,2000,100,2105.0,1997,2023,0,-82.43705197,29.66610375,06326-010-078,0,266.0,441,22,25,0,0,2.0,1088,114332.03,1
261,45111,0.18,1661,4,ST. JOHN'S,51302,391800,2010,100,1660.5,1998,2023,0,-82.43881064,29.66174781,06326-020-092,0,162.5,462,12,24,0,0,2.0,757,114332.03,1
262,45112,0.24,2062,4,ST. JOHN'S,51302,302100,1998,100,2062.0,1998,2023,0,-82.43881793,29.66149556,06326-020-093,0,177.0,444,24,24,0,0,2.0,405,114332.03,1
263,58046,0.07,2402,4,ST. JOHN'S,241600,435200,2017,100,1172.0,2017,2023,0,-82.42205351,29.62259307,06840-013-001,1230,192.0,480,5,5,0,0,2.5,1109,125316.02,1
264,59021,0.27,1284,3,ST. JOHN'S,206800,308200,1980,100,1284.0,1980,2023,0,-82.4291139,29.60224809,06857-005-058,0,16.0,345,42,42,0,0,2.0,4058,125320.05,1
265,59243,0.23,2440,3,ST. JOHN'S,226400,397000,2002,100,2439.5,2002,2023,0,-82.43031235,29.60716449,06858-020-114,0,223.5,457,20,20,0,0,3.0,1108,125320.18,1
266,72697,2.67,1888,3,ST. JOHN'S,0,224000,1995,100,1384.0,1974,2023,0,-82.27871513,29.71695074,07872-011-001,0,600.0,0,27,48,0,0,2.0,2966,324400.0,1
267,73154,0.11,1462,3,GAINESVILLE,236401,287000,2005,100,1462.0,2005,2023,0,-82.35118728,29.69994019,07891-020-087,0,204.0,462,17,17,0,0,2.0,228,324419.03,1
268,73155,0.11,1427,3,GAINESVILLE,236401,273200,2010,100,1426.5,2004,2023,0,-82.35118623,29.70007768,07891-020-088,0,275.5,441,12,18,0,0,2.0,708,324419.03,2
269,73295,0.05,1238,3,GAINESVILLE,236402,251800,2014,100,1238.0,2014,2023,0,-82.35491732,29.70250712,07891-030-227,0,81.0,264,8,8,0,0,2.0,822,324419.03,1
270,73296,0.05,1166,3,GAINESVILLE,236402,269900,2014,100,1166.0,2014,2023,0,-82.35480709,29.70250663,07891-030-228,0,24.0,276,8,8,0,0,2.0,11870,324419.03,1
271,73379,0.22,1245,3,GAINESVILLE,150400,264900,2010,100,1245.0,1981,2023,0,-82.35250317,29.6953718,07902-020-013,0,0.0,0,12,41,0,0,2.0,935,324419.04,1
272,73417,0.2,1354,3,GAINESVILLE,163700,226500,1993,100,1354.0,1991,2023,0,-82.35123065,29.69723464,07902-030-037,0,280.0,396,29,31,0,0,2.0,801,324419.05,1
273,73598,0.19,1050,3,GAINESVILLE,206900,215000,1995,100,1050.0,1978,2023,0,-82.34953656,29.69284079,07915-005-062,0,90.0,325,27,44,0,0,2.0,507,324419.04,1
274,73612,0.21,1644,3,GAINESVILLE,206900,213500,1980,100,1152.0,1974,2023,0,-82.34883128,29.69415161,07915-005-076,0,492.0,0,42,48,0,0,2.0,997,324419.04,1
275,73673,0.23,1364,3,GAINESVILLE,150500,197800,1983,100,1056.0,1959,2023,0,-82.35003441,29.69053712,07916-011-000,0,308.0,0,39,63,0,0,2.0,0,324419.04,1
276,73802,0.27,1236,3,GAINESVILLE,89600,201400,1990,100,1236.0,1972,2023,0,-82.35338696,29.68881347,07917-035-000,0,60.0,0,32,50,0,0,2.0,485,324419.04,1
277,73865,0.23,1732,3,GAINESVILLE,89400,243200,1997,100,1438.0,1962,2023,0,-82.35255225,29.68940586,07918-014-000,0,346.0,0,25,60,0,0,2.0,638,324419.04,1
278,73898,0.25,1196,3,GAINESVILLE,89500,160700,1970,100,1196.0,1971,2023,0,-82.35085438,29.6917091,07918-025-023,0,80.0,494,52,51,0,0,2.0,1826,324419.04,1
279,73974,0.05,1354,3,GAINESVILLE,34600,240200,1997,100,1354.0,1997,2023,0,-82.34452207,29.69161023,07929-107-000,0,30.0,231,25,25,0,0,2.0,196,324419.3,1
280,74063,0.21,1125,2,GAINESVILLE,14000,112500,1970,100,1125.0,1965,2023,0,-82.34793964,29.69129939,07930-007-000,0,0.0,0,52,57,0,0,2.0,263,324419.04,1
281,74073,0.18,1014,3,GAINESVILLE,14000,177300,1988,100,1014.0,1964,2023,0,-82.34874819,29.69093295,07930-017-000,0,36.0,0,34,58,0,0,1.0,466,324419.04,1
282,74497,0.33,1020,3,GAINESVILLE,0,143500,1986,100,1020.0,1963,2023,0,-82.33750668,29.68883413,08018-000-000,0,72.0,0,36,59,0,0,1.0,1034,324420.03,1
283,89069,0.45,2803,4,GAINESVILLE,132600,684800,2010,100,2802.5,1996,2023,0,-82.35341877,29.65286035,14822-010-002,0,544.0,480,12,26,0,0,3.0,2102,145406.04,1
284,89742,0.47,1863,3,GAINESVILLE,61500,439800,1985,100,1863.0,1954,2023,0,-82.34591195,29.65872745,15256-000-000,0,54.0,0,37,68,0,0,2.0,3268,145406.03,1
285,89809,0.28,1184,3,GAINESVILLE,61500,225200,1986,100,944.0,1950,2023,0,-82.34254237,29.65873931,15321-000-000,0,356.0,0,36,72,0,0,1.0,432,145406.03,1
286,504426,0.25,2064,3,ST. JOHN'S,181800,188800,1975,100,2064.0,1960,2023,0,-82.16397057,29.48574711,18354-039-027,0,234.0,0,47,62,0,0,2.0,8401,216500.0,2
287,24777,3.18,1040,3,SUWANNEE,0,100700,1975,100,800.0,1965,2023,1,-82.50060387,29.5363999,04747-002-000,0,240.0,0,47,57,0,0,1.0,1498,216200.0,1
288,79379,0.7,2649,3,GAINESVILLE,59900,479600,2010,100,2649.0,1941,2023,1,-82.3409544,29.6641762,09102-000-000,0,1382.0,0,12,81,0,0,3.0,870,324431.02,2
289,41585,0.19,1670,3,ST. JOHN'S,173300,203300,1989,100,1670.0,1988,2023,0,-82.3982466,29.6861571,06118-010-011,0,30.0,460,33,34,0,0,2.0,384,114327.07,1
290,41618,0.25,1958,4,ST. JOHN'S,254000,360000,2000,100,1958.0,1989,2023,0,-82.39293719,29.68547642,06120-010-009,0,394.0,468,22,33,0,0,2.0,1348,114327.03,2
291,41644,0.7,2098,3,ST. JOHN'S,0,232000,1975,100,2098.0,1962,2023,0,-82.39049932,29.68433163,06122-004-000,0,249.0,520,47,60,0,0,2.0,2333,114327.02,1
292,41667,0.24,960,3,ST. JOHN'S,108600,138500,1982,100,960.0,1982,2023,0,-82.39537124,29.68408089,06124-001-005,0,110.0,288,40,40,0,0,2.0,1457,114327.01,1
293,41709,0.27,1810,3,ST. JOHN'S,108700,307500,1986,100,1810.0,1986,2023,0,-82.39488315,29.68551531,06124-002-013,0,234.0,0,36,36,0,0,2.0,1145,114327.01,1
294,42262,1.12,2890,5,ST. JOHN'S,165702,672600,2002,100,2889.5,1992,2023,0,-82.40416026,29.68216956,06152-010-051,0,353.5,704,20,30,0,1,4.0,8192,114328.01,2
295,42532,0.23,1236,3,ST. JOHN'S,16200,195000,1978,100,1236.0,1978,2023,0,-82.40016655,29.67525464,06173-032-000,0,12.0,312,44,44,0,0,2.0,1147,114327.06,1
296,42571,0.38,1008,3,ST. JOHN'S,0,153800,1964,100,1008.0,1959,2023,0,-82.39435872,29.67534768,06176-002-000,0,0.0,228,58,63,0,0,1.0,288,114327.05,1
297,42580,0.32,1008,3,ST. JOHN'S,0,133300,1965,100,1008.0,1960,2023,0,-82.39397948,29.67495011,06177-007-000,0,60.0,0,57,62,0,0,1.0,230,114327.05,1
298,42584,0.32,1464,3,ST. JOHN'S,0,194500,1967,100,1188.0,1962,2023,0,-82.39398092,29.67439148,06177-011-000,0,340.0,0,55,60,0,0,2.0,202,114327.05,1
299,42591,0.32,1647,3,ST. JOHN'S,0,386600,2015,100,1647.0,1964,2023,0,-82.39233004,29.67469035,06178-005-000,0,138.0,540,7,58,0,0,2.0,629,114327.05,2
300,42773,0.3,1754,3,ST. JOHN'S,223400,273400,1985,100,1754.0,1976,2023,0,-82.41005874,29.67507181,06221-001-003,0,50.0,506,37,46,0,0,2.0,657,114328.03,2
301,42894,0.3,1581,3,ST. JOHN'S,92300,187800,1975,100,1581.0,1973,2023,0,-82.41427298,29.67612404,06224-008-000,0,30.0,520,47,49,0,0,2.0,2024,114328.03,2
302,42951,0.14,1518,3,ST. JOHN'S,11405,348800,2015,100,1518.0,2011,2023,0,-82.41664674,29.67496431,06228-020-004,0,50.0,440,7,11,0,0,2.0,2464,114328.05,2
303,43137,0.25,2034,3,ST. JOHN'S,187900,352500,2000,100,2034.0,1993,2023,0,-82.42539526,29.68610463,06230-034-011,0,260.0,400,22,29,0,0,2.5,1688,114329.01,2
304,70348,1.0,1404,3,ST. JOHN'S,71300,215300,1985,100,1404.0,1985,2023,0,-82.41597018,29.52975189,07398-010-038,0,564.0,0,37,37,0,0,2.0,7718,216316.01,1
306,72281,0.1,1173,3,GAINESVILLE,28000,193100,2016,100,1173.0,2016,2023,0,-82.35088779,29.72541153,07814-100-139,0,20.0,400,6,6,0,0,2.0,613,324407.02,1
308,86511,0.11,846,3,GAINESVILLE,31600,209800,1990,100,846.0,1930,2023,0,-82.32859378,29.64912207,12917-001-000,0,180.0,0,32,92,0,0,1.0,2389,145405.04,1
309,87817,0.24,1322,3,GAINESVILLE,23200,362700,1981,100,1322.0,1932,2023,0,-82.33191727,29.65367521,13669-000-000,0,96.0,0,41,90,0,0,1.0,3037,136030.35,1
310,87938,0.08,1040,3,GAINESVILLE,23800,194100,1998,100,1040.0,1998,2023,0,-82.33484285,29.65418104,13766-001-000,0,120.0,0,24,24,0,0,2.0,0,145405.07,1
311,88183,0.13,1064,3,GAINESVILLE,25200,251800,1975,100,1064.0,1939,2023,0,-82.33764454,29.65437637,14014-000-000,0,144.0,0,47,83,0,0,1.0,2258,136030.3,1
312,88228,0.14,1412,3,GAINESVILLE,25100,134100,1974,100,1412.0,1927,2023,0,-82.33788463,29.65676917,14072-000-000,0,384.0,0,48,95,0,0,1.0,607,145405.07,1
313,501337,0.46,884,3,WALDO,181200,94100,1989,100,884.0,1929,2023,0,-82.17193814,29.78430154,17237-023-001,0,176.0,0,33,93,0,0,1.0,2760,313523.01,1
314,39515,0.83,3801,5,GAINESVILLE,57300,976000,2005,100,3801.0,1982,2023,0,-82.35688104,29.67658086,06090-006-000,0,330.0,729,17,40,0,0,4.0,7334,134325.06,1
315,39570,0.1,1495,3,GAINESVILLE,149101,266200,2000,100,744.0,2000,2023,0,-82.35879062,29.68694794,06091-010-035,751,96.0,288,22,22,0,0,2.0,934,134325.07,1
316,39694,0.1,1409,3,GAINESVILLE,237600,244100,2005,100,1409.0,2005,2023,0,-82.36059627,29.68714169,06091-100-048,0,100.0,440,17,17,0,0,2.0,1040,134325.13,1
317,39803,0.39,2638,3,GAINESVILLE,53200,281900,1980,100,2638.0,1980,2023,0,-82.36692784,29.68527653,06092-020-002,0,32.0,572,42,42,0,0,2.0,7460,134325.09,1
318,39927,0.27,2310,3,GAINESVILLE,164700,371200,1995,100,2310.0,1973,2023,0,-82.37202982,29.67872767,06095-006-006,0,90.0,0,27,49,0,0,3.0,3354,134325.31,2
319,40303,1.02,1943,3,GAINESVILLE,0,310300,1978,100,1646.0,1962,2023,0,-82.3749492,29.68826613,06102-012-000,0,312.0,950,44,60,0,0,2.0,2159,114326.07,1
320,40348,0.36,2025,3,GAINESVILLE,206400,329200,1997,100,2025.0,1975,2023,0,-82.38125379,29.68388983,06102-075-002,0,0.0,630,25,47,0,0,2.0,7374,114326.05,1
321,40779,0.37,1976,3,GAINESVILLE,168500,461400,2010,100,1784.0,1977,2023,0,-82.37786639,29.68058538,06106-040-017,0,208.0,528,12,45,0,0,2.0,1518,114326.02,2
322,54740,0.12,1002,3,ST. JOHN'S,153700,227000,2000,100,1002.0,1985,2023,0,-82.41957358,29.63414196,06678-015-020,0,32.0,308,22,37,0,0,2.0,1318,125309.03,2
323,55613,0.36,1772,3,ST. JOHN'S,189100,372400,2010,100,1772.0,1980,2023,0,-82.42713299,29.63556124,06681-031-000,0,284.0,576,12,42,0,0,2.0,10023,125308.04,1
324,84296,0.9,883,2,GAINESVILLE,194300,70900,1955,100,883.0,1950,2023,0,-82.2985453,29.65317536,11219-000-000,0,77.0,0,67,72,0,0,1.0,447,315403.01,1
325,84309,0.29,980,3,GAINESVILLE,85900,80600,1971,100,980.0,1954,2023,0,-82.29621121,29.65298949,11229-003-000,0,72.0,0,51,68,0,0,1.0,0,315403.02,1
326,84457,0.23,1800,3,GAINESVILLE,137006,136300,1978,100,1800.0,1965,2023,0,-82.29808755,29.64918307,11276-009-000,0,0.0,0,44,57,0,0,2.0,288,315403.03,1
327,85029,0.14,1286,3,GAINESVILLE,136600,87000,1978,100,1036.0,1959,2023,0,-82.30782303,29.64852308,11683-001-000,0,250.0,0,44,63,0,0,2.0,60,145404.05,1
329,85532,0.11,1340,3,GAINESVILLE,66200,387100,2010,100,1340.0,1946,2023,0,-82.31766822,29.64715198,12163-000-000,0,96.0,0,12,76,0,0,2.0,1308,145404.01,1
330,85894,0.12,1230,3,GAINESVILLE,86200,90600,1982,100,1230.0,1981,2023,0,-82.30608279,29.65742628,12499-000-000,0,120.0,0,40,41,0,0,1.0,160,145404.05,1
331,86172,0.14,700,3,GAINESVILLE,68700,202100,1995,100,700.0,1935,2023,0,-82.31505998,29.65131212,12640-000-000,0,154.0,0,27,87,0,0,1.0,291,145404.02,2
332,104035,2.33,1460,5,ST. JOHN'S,152200,362500,2014,100,816.0,1986,2023,0,-82.08521696,29.54483834,20000-012-000,372,544.0,0,8,36,0,1,2.0,20126,216611.01,2
333,104203,1.0,1740,3,ST. JOHN'S,112300,382500,1995,100,1740.0,1995,2023,0,-82.1075617,29.52369797,20042-010-012,0,300.0,551,27,27,0,1,2.0,10882,216621.02,1
334,105177,0.16,1925,4,ST. JOHN'S,251501,397000,2015,100,1925.0,2015,2023,0,-82.42882747,29.58065529,07098-408-468,0,197.0,420,7,7,0,0,3.0,1271,125332.02,1
335,105938,0.12,1580,4,GAINESVILLE,256101,380400,2016,100,1579.5,2016,2023,0,-82.39595603,29.59472358,06985-020-033,0,287.5,420,6,6,0,0,2.0,1106,125327.02,1
336,106396,0.14,1379,3,HIGH SPRINGS,246701,225300,2017,100,1379.0,2017,2023,0,-82.54793081,29.80697788,03034-020-111,0,166.0,483,5,5,0,0,2.0,1239,223100.15,1
337,106429,0.37,3604,5,SUWANNEE,199315,997900,2016,100,2512.0,2016,2023,0,-82.47850932,29.64739116,04333-115-373,1092,800.0,506,6,6,0,0,3.0,17532,215202.07,1
338,38090,0.29,1416,3,GAINESVILLE,183600,150200,1984,100,1416.0,1980,2023,0,-82.36292038,29.69513693,06076-060-060,0,72.0,0,38,42,0,0,2.0,832,154324.1,1
339,38396,0.2,972,3,GAINESVILLE,183900,226600,2000,100,972.0,1983,2023,0,-82.36048951,29.70175004,06076-400-022,0,80.0,0,22,39,0,0,2.0,676,134324.12,1
340,38741,0.22,1501,3,GAINESVILLE,183700,263200,2005,100,1501.0,1978,2023,0,-82.36578003,29.69418479,06082-010-013,0,0.0,0,17,44,0,0,2.0,1071,154324.1,1
341,39040,0.27,1328,3,GAINESVILLE,143300,230600,1990,100,1328.0,1966,2023,0,-82.37187696,29.70295725,06083-004-063,0,0.0,0,32,56,0,0,2.0,2383,154324.01,1
342,39238,0.34,1554,3,GAINESVILLE,143400,251800,1980,100,1554.0,1972,2023,0,-82.36835243,29.69772387,06083-013-006,0,10.0,286,42,50,0,0,2.0,1716,154324.05,1
343,52649,0.67,2024,3,ST. JOHN'S,214800,363500,2000,100,1480.0,1981,2023,0,-82.42283549,29.64665141,06656-700-058,0,544.0,0,22,41,0,0,2.0,3398,125305.02,1
344,52857,0.37,1308,3,ST. JOHN'S,84000,232900,1984,100,1308.0,1978,2023,0,-82.44528417,29.65844959,06657-020-028,0,0.0,440,38,44,0,0,2.0,1842,125306.02,1
345,53240,0.35,1872,4,ST. JOHN'S,30401,388100,2000,100,1871.5,1995,2023,0,-82.44835942,29.63112951,06666-010-002,0,162.0,418,22,27,0,0,2.0,920,125307.03,1
346,53886,0.2,1624,3,ST. JOHN'S,56201,333900,2005,100,1484.0,1987,2023,0,-82.42749331,29.64323443,06670-010-042,0,176.0,528,17,35,0,0,2.0,1180,125308.05,1
347,53950,0.41,2190,4,ST. JOHN'S,193500,312000,1996,100,1866.0,1992,2023,0,-82.42286825,29.63288976,06671-010-002,0,378.0,504,26,30,0,0,2.0,3627,125308.08,1
348,53977,0.46,2272,4,ST. JOHN'S,193500,466700,2000,100,2272.0,1990,2023,0,-82.42550814,29.63394446,06671-010-029,0,246.0,464,22,32,0,0,2.0,10591,125308.08,1
349,53993,0.4,2312,4,ST. JOHN'S,193500,362700,1994,100,2312.0,1994,2023,0,-82.42644391,29.63194702,06671-010-045,0,278.0,546,28,28,0,0,2.0,137,125308.08,1
350,54095,0.26,2644,4,ST. JOHN'S,228501,547300,2007,100,2643.5,2002,2023,0,-82.4361263,29.64386297,06672-100-054,0,684.5,484,15,20,0,0,3.5,1780,125308.13,1
351,54221,0.25,2339,4,ST. JOHN'S,228503,430300,2006,100,2338.5,2006,2023,0,-82.43150914,29.64102139,06672-400-233,0,217.5,483,16,16,0,0,2.0,1020,125308.13,1
352,67032,0.4,986,3,ST. JOHN'S,102200,130100,1968,100,946.0,1955,2023,0,-82.34823773,29.61885792,07250-058-000,0,40.0,0,54,67,0,0,2.0,1328,148100.02,1
353,82215,0.23,1753,3,GAINESVILLE,32500,202800,1983,100,1544.0,1963,2023,0,-82.3042922,29.67285033,10625-035-000,0,314.0,0,39,59,0,0,2.0,281,324434.02,1
354,82237,0.23,1484,3,GAINESVILLE,32500,168800,1980,100,1484.0,1962,2023,0,-82.30466349,29.67308531,10625-057-000,0,265.0,0,42,60,0,0,2.0,1388,324434.02,1
355,82257,0.23,1008,3,GAINESVILLE,32500,148400,1978,100,1008.0,1963,2023,0,-82.30555635,29.67121858,10625-077-000,0,60.0,0,44,59,0,0,1.5,538,324434.02,1
356,82346,0.15,984,3,GAINESVILLE,19100,82400,1978,100,984.0,1948,2023,0,-82.30344865,29.6608191,10675-001-000,0,96.0,0,44,74,0,0,1.0,216,324434.04,1
357,82519,0.23,1120,3,GAINESVILLE,140500,181300,2004,100,1120.0,1958,2023,0,-82.30076346,29.66955631,10760-015-000,0,40.0,0,18,64,0,0,1.0,5303,324434.01,1
358,82532,0.11,1112,3,GAINESVILLE,175000,115100,1984,100,936.0,1950,2023,0,-82.30239302,29.66716956,10765-012-000,0,176.0,0,38,72,0,0,1.0,294,324434.01,1
359,82656,0.18,1008,3,GAINESVILLE,33000,123900,1980,100,1008.0,1965,2023,0,-82.30342365,29.66819711,10804-080-000,0,128.0,0,42,57,0,0,2.0,1293,324434.02,1
360,82748,0.16,1348,3,GAINESVILLE,34800,123400,1979,100,1348.0,1969,2023,0,-82.2899455,29.66335772,10823-056-000,0,0.0,0,43,53,0,0,2.0,386,324434.06,1
361,82761,0.14,1214,3,GAINESVILLE,34800,90000,1977,100,1054.0,1969,2023,0,-82.29159558,29.66292252,10823-069-000,0,360.0,0,45,53,0,0,2.0,176,324434.06,1
362,82781,0.14,1638,3,GAINESVILLE,34800,166300,1990,100,1398.0,1969,2023,0,-82.29311324,29.66284315,10823-089-000,0,240.0,0,32,53,0,0,1.5,1689,324434.06,1
363,82873,0.15,1237,3,GAINESVILLE,34900,225300,2006,100,1237.0,2000,2023,0,-82.29484355,29.66423699,10848-020-041,0,251.0,460,16,22,0,0,2.0,931,324434.05,1
364,83003,0.17,1124,3,GAINESVILLE,59500,158700,2005,100,1124.0,1960,2023,0,-82.29266106,29.66006275,10856-033-000,0,35.0,0,17,62,0,0,1.0,260,324434.06,1
365,83136,0.17,1092,3,GAINESVILLE,51100,93400,1980,100,1044.0,1958,2023,0,-82.29498537,29.66006264,10858-051-000,0,48.0,0,42,64,0,0,2.0,205,324434.06,1
366,83433,0.26,1123,3,ST. JOHN'S,75000,120900,1985,100,936.0,1954,2023,0,-82.26476286,29.65032998,10872-018-000,0,187.0,0,37,68,0,0,1.0,496,315401.01,1
367,83548,0.25,1144,3,ST. JOHN'S,104500,164000,2005,100,1144.0,1957,2023,0,-82.27096561,29.65439061,10884-022-000,0,18.0,0,17,65,0,0,2.0,815,315401.01,1
368,83883,0.1,1380,2,GAINESVILLE,137600,146900,2007,100,1380.0,2007,2023,0,-82.30370837,29.65788667,10979-003-000,0,114.0,0,15,15,0,0,2.0,205,315403.01,1
369,83887,0.17,1390,3,GAINESVILLE,137600,112500,1978,100,1390.0,1950,2023,0,-82.30403447,29.65899816,10983-000-000,0,312.0,0,44,72,0,0,1.0,676,315403.01,1
370,100906,1.0,832,3,SUWANNEE,31200,313200,2014,100,832.0,1961,2023,0,-82.06532374,29.71190741,18772-006-000,0,0.0,0,8,61,1,0,1.0,1146,313600.24,1
371,100919,0.57,1196,3,SUWANNEE,31200,179200,1984,100,1196.0,1978,2023,0,-82.06634267,29.71109683,18772-019-000,0,0.0,0,38,44,1,0,2.0,2160,313600.24,1
372,101195,1.06,1555,3,ST. JOHN'S,111900,118000,1981,100,1555.0,1981,2023,0,-82.09155201,29.70247387,18857-010-006,0,0.0,0,41,41,0,1,2.0,772,314622.2,1
373,101251,1.2,1702,3,ST. JOHN'S,111900,214000,1991,100,1291.0,1991,2023,0,-82.08956882,29.70047288,18857-010-064,411,574.0,0,31,31,0,1,2.0,1989,314622.2,1
374,101315,6.67,2212,3,ST. JOHN'S,0,497200,1991,100,1559.0,1991,2023,0,-82.06861901,29.69602058,18879-000-000,0,717.0,0,31,31,0,0,2.5,18052,314600.42,2
375,102389,0.69,1792,3,HAWTHORNE,0,219800,1982,100,1792.0,1970,2023,0,-82.08783645,29.59099253,19443-000-000,0,0.0,528,40,52,0,0,2.0,395,315626.26,1
376,102440,0.36,1036,2,HAWTHORNE,209500,70800,1975,100,892.0,1941,2023,0,-82.08598374,29.58616213,19488-000-000,0,144.0,0,47,81,0,0,1.0,1295,346100.88,2
377,102442,0.26,1968,3,HAWTHORNE,209500,148500,1980,100,1344.0,1966,2023,0,-82.08573517,29.58673737,19490-000-000,0,624.0,0,42,56,0,0,2.0,1861,346100.9,1
378,102477,0.22,1240,3,HAWTHORNE,185100,196900,2008,100,1240.0,2008,2023,0,-82.08172852,29.58551531,19500-015-000,0,98.0,0,14,14,0,0,2.0,552,315626.26,1
379,102669,0.26,1256,2,HAWTHORNE,0,74200,1972,100,1256.0,1972,2023,0,-82.08205752,29.59846727,19558-100-053,0,0.0,0,50,50,0,0,1.0,2535,315626.01,1
380,102886,0.37,1008,3,HAWTHORNE,7800,163300,1993,100,1008.0,1993,2023,0,-82.07708844,29.59979436,19586-001-061,0,76.0,336,29,29,0,0,1.0,527,315626.03,1
381,102994,0.36,1074,3,HAWTHORNE,95200,164900,1995,100,942.0,1952,2023,0,-82.09118397,29.59170764,19657-002-000,0,156.0,0,27,70,0,0,1.0,216,315626.26,2
382,103097,0.62,558,3,HAWTHORNE,147600,55000,1975,100,558.0,1940,2023,0,-82.09444764,29.59260192,19732-000-000,0,0.0,0,47,82,0,0,1.0,316,315626.26,1
383,103265,0.36,1697,3,HAWTHORNE,0,192500,1979,100,1697.0,1965,2023,0,-82.08949975,29.58999827,19799-006-000,0,115.0,0,43,57,0,0,2.0,8357,315626.26,2
384,103684,0.13,1250,3,HAWTHORNE,246800,206900,2015,100,1250.0,2009,2023,0,-82.08509707,29.58330499,19921-008-000,0,105.0,0,7,13,0,0,2.0,346,315600.42,1
385,103705,0.14,1243,3,HAWTHORNE,246800,200600,2007,100,1243.0,2007,2023,0,-82.08440162,29.58288447,19921-029-000,0,163.0,288,15,15,0,0,2.0,384,315600.42,1
386,103706,0.14,1538,3,HAWTHORNE,246800,220900,2007,100,1538.0,2007,2023,0,-82.08459035,29.58288028,19921-030-000,0,154.0,312,15,15,0,0,2.0,458,315600.42,1
387,103707,0.14,1274,3,HAWTHORNE,246800,205300,2013,100,1273.5,2008,2023,0,-82.08477908,29.5828761,19921-031-000,0,176.5,276,9,14,0,0,2.0,478,315600.42,1
388,36100,0.61,2827,5,ST. JOHN'S,101504,573400,1998,100,2826.5,1993,2023,0,-82.40058693,29.69830687,06059-040-005,0,219.5,601,24,29,0,0,2.5,12961,114322.08,1
389,36755,0.24,1224,3,ST. JOHN'S,171500,288500,2005,100,1224.0,1982,2023,0,-82.39224177,29.69497167,06064-004-042,0,80.0,488,17,40,0,0,2.0,2482,114322.01,1
390,37031,0.17,1245,3,GAINESVILLE,31501,285800,2008,100,1245.0,1997,2023,0,-82.37392607,29.69611778,06067-010-025,0,31.0,441,14,25,0,0,2.0,2559,174323.18,1
391,37475,0.24,1453,3,GAINESVILLE,144500,203800,1973,100,1453.0,1973,2023,0,-82.38564088,29.69897473,06071-020-029,0,30.0,567,49,49,0,0,2.0,1681,174323.03,1
392,37656,0.2,2532,4,GAINESVILLE,20100,423800,2001,100,2531.5,2001,2023,0,-82.37856212,29.69032587,06074-030-021,0,353.5,441,21,21,0,0,2.0,1420,174323.2,1
393,52118,2.0,1769,3,ST. JOHN'S,62100,282000,1990,100,1769.0,1972,2023,0,-82.43828116,29.65200345,06656-004-009,0,66.0,525,32,50,0,0,2.0,1905,125305.01,1
394,52415,0.5,1556,3,ST. JOHN'S,28400,273900,1984,100,1556.0,1978,2023,0,-82.43261167,29.65365629,06656-600-028,0,0.0,568,38,44,0,0,2.0,7956,125305.05,1
395,64955,4.7,2236,3,ST. JOHN'S,0,417900,2005,100,2236.0,1978,2023,0,-82.42389243,29.58545516,07098-011-000,0,0.0,0,17,44,0,0,2.0,9990,125332.01,2
396,65044,0.13,2112,4,ST. JOHN'S,239201,430100,2005,100,2112.0,2005,2023,0,-82.43418825,29.5835407,07098-102-077,0,262.0,440,17,17,0,0,2.0,3894,125332.02,2
397,65367,0.18,2042,4,ST. JOHN'S,251500,461600,2012,100,2042.0,2012,2023,0,-82.42717607,29.58311345,07098-407-395,0,236.0,483,10,10,0,0,2.5,2456,125332.02,1
398,65507,0.62,2339,3,ST. JOHN'S,120100,171700,1970,100,2059.0,1959,2023,0,-82.34264106,29.60044413,07136-003-000,0,446.0,0,52,63,0,0,2.0,2014,148200.01,2
399,65823,2.42,1272,3,ST. JOHN'S,119300,127200,1985,100,1272.0,1931,2023,0,-82.34019035,29.59265426,07164-000-000,0,300.0,0,37,91,0,0,2.0,3296,148200.05,1
400,66083,2.02,1518,3,ST. JOHN'S,0,215700,2003,100,1518.0,1976,2023,0,-82.34783739,29.60192647,07200-000-000,0,65.0,0,19,46,0,0,2.0,999,148500.03,1
401,80371,0.22,968,3,GAINESVILLE,30700,273200,1990,100,968.0,1914,2023,0,-82.33273364,29.66548963,09737-000-000,0,224.0,0,32,108,0,0,1.0,840,324432.04,2
402,80451,0.17,1580,3,GAINESVILLE,29500,246000,1974,100,1260.0,1953,2023,0,-82.32854172,29.66463395,09792-004-000,0,356.0,240,48,69,0,0,1.0,574,324432.04,2
403,80976,0.26,1165,3,GAINESVILLE,170900,195100,1974,100,1165.0,1956,2023,0,-82.31627663,29.66484653,10082-011-000,0,54.0,0,48,66,0,0,1.0,200,324433.02,1
404,80988,0.27,1165,3,GAINESVILLE,170900,219600,1976,100,1165.0,1956,2023,0,-82.31677599,29.66542839,10083-004-000,0,0.0,0,46,66,0,0,1.0,2887,324433.02,1
405,81108,0.28,1575,3,GAINESVILLE,85300,270300,1975,100,1575.0,1951,2023,0,-82.31711956,29.66768647,10194-000-000,0,96.0,0,47,71,0,0,1.5,7803,324433.02,1
406,81294,0.18,2224,4,GAINESVILLE,54100,523500,2000,100,1790.0,1927,2023,0,-82.32152987,29.66175878,10311-000-000,0,464.0,0,22,95,0,0,2.0,1784,324433.03,1
407,81516,0.31,986,3,GAINESVILLE,95000,174200,1977,100,824.0,1948,2023,0,-82.31510141,29.66718274,10517-001-000,0,199.0,0,45,74,0,0,1.0,2464,324433.02,1
408,81531,0.26,927,3,GAINESVILLE,95000,254800,1995,100,864.0,1948,2023,0,-82.31510008,29.66598341,10520-002-000,0,12.0,0,27,74,0,0,1.0,0,324433.02,1
409,81682,0.26,1426,3,GAINESVILLE,95400,232900,1981,100,1426.0,1958,2023,0,-82.30957999,29.66458883,10574-004-000,0,372.0,0,41,64,0,0,2.0,1130,324433.02,2
410,81708,0.26,1694,3,GAINESVILLE,95500,251100,1978,100,1694.0,1958,2023,0,-82.30733571,29.66567722,10575-005-000,0,84.0,0,44,64,0,0,2.0,454,324433.02,1
411,81859,0.2,1324,3,GAINESVILLE,32100,182300,1972,100,1324.0,1955,2023,0,-82.31176604,29.67359399,10603-006-000,0,60.0,0,50,67,0,0,2.0,816,324433.01,2
412,81914,0.21,1104,3,GAINESVILLE,32100,197600,1977,100,1104.0,1956,2023,0,-82.31080644,29.67166846,10605-025-000,0,114.0,0,45,66,0,0,2.0,300,324433.01,1
413,81974,0.29,1536,3,GAINESVILLE,32200,151900,1976,100,1536.0,1956,2023,0,-82.31445164,29.67023314,10608-014-000,0,120.0,0,46,66,0,0,2.0,3327,324433.01,1
414,81981,0.24,1292,3,GAINESVILLE,32200,231800,1990,100,1292.0,1958,2023,0,-82.31221765,29.67021723,10608-021-000,0,0.0,0,32,64,0,0,2.0,916,324433.01,1
415,98216,0.18,632,2,ST. JOHN'S,113100,82400,1995,100,632.0,1960,2023,0,-82.24151975,29.64997181,17940-117-000,0,0.0,0,27,62,0,0,1.0,305,315506.12,1
416,98590,0.47,775,3,ST. JOHN'S,76500,60100,1992,100,775.0,1992,2023,0,-82.15921057,29.6053996,18060-077-001,0,0.0,0,30,30,0,0,1.0,0,315524.12,1
417,99750,0.35,1896,3,SUWANNEE,0,618600,2006,100,1620.0,1991,2023,0,-82.10710189,29.77011603,18393-013-000,276,0.0,0,16,31,0,1,2.0,8299,313600.2,1
418,99781,5.32,1600,3,SUWANNEE,0,382100,2012,100,1600.0,2005,2023,0,-82.10895078,29.76215413,18395-040-000,0,1000.0,0,10,17,0,0,2.0,839,313600.42,1
419,100230,3.0,1540,3,SUWANNEE,0,819200,1995,100,1540.0,1995,2023,0,-82.09791562,29.75321662,18480-002-000,0,630.0,0,27,27,0,1,3.0,1669,313600.2,1
420,100351,2.84,1319,3,SUWANNEE,0,262900,2001,100,1319.0,1959,2023,0,-82.10459911,29.7407103,18538-001-000,0,0.0,0,21,63,0,0,2.0,5387,314600.4,1
421,100688,1.58,1669,3,SUWANNEE,0,273600,2002,100,1188.0,1951,2023,0,-82.08852632,29.72438813,18652-045-000,0,493.0,0,20,71,0,0,2.0,2523,314610.22,1
422,100721,0.62,2285,5,SUWANNEE,0,921600,2011,100,1730.0,2006,2023,0,-82.08746454,29.7232813,18677-000-000,555,820.0,575,11,16,0,1,2.0,5132,313600.2,1
